0,464
0,462
184,16
0,460
0,437
184,15
0,458
0,457
184,14
184,13
0,450
0,448
184,12
0,575
0,504
0,475
0,396
184,11
0,494
184,10
0,574
0,572
0,529
237,36
237,35
8,9
8,14
8,12
8,1
8,5
8,2
8,3
0,571
12,2
12,1
12,3
20,2
20,1
20,3
14,1
14,4
2,2
2,1
2,3
235,6
235,5
235,4
235,3
235,2
235,1
235,0
234,6
234,5
234,4
234,3
234,2
234,1
234,0
233,4
233,3
233,2
233,1
233,0
232,4
232,3
232,2
232,1
232,0
231,5
231,4
231,3
231,2
231,1
231,0
230,4
230,3
230,2
230,1
230,0
229,3
229,2
229,1
229,0
228,4
228,3
228,2
228,1
228,0
227,5
227,4
227,3
227,2
227,1
227,0
226,5
226,4
226,3
226,2
226,1
226,0
225,4
225,3
225,2
225,1
225,0
224,7
224,6
224,5
224,4
224,3
224,2
224,1
224,0
223,8
223,7
223,6
223,5
223,4
223,3
223,2
223,1
223,0
222,10
222,9
222,8
222,7
222,6
222,5
222,4
222,3
222,2
222,1
222,0
211,3
211,2
211,1
211,0
209,8
209,7
209,6
209,5
209,4
209,3
209,2
209,1
209,0
208,3
208,2
208,1
208,0
207,4
207,3
207,2
207,1
207,0
206,5
206,4
206,3
206,1
184,9
184,8
184,1
183,7
183,1
183,6
182,166
182,165
182,164
182,163
182,162
182,161
182,112
182,111
182,110
182,109
182,108
182,107
182,106
